Quadrilateral
0 300
500 500
500 300
0 500
255 230 179

Quadrilateral
0 300
500 200
500 300
0 200
0 0 255

Circle
30 25
20
255 255 255

Circle
25 40
10
255 255 255

Circle
45 25
20
255 255 255

Circle
55 35
20
255 255 255

Circle
65 25
10
255 255 255

Circle
75 40
20
255 255 255

Circle
85 30
20
255 255 255

Triangle
400 200
410 190
420 200
117 117 163

Circle
235 105
60
255 255 255

Circle
235 220
88
255 255 255

Circle
235 375
120
255 255 255

Circle
235 190
10
0 0 0

Circle
235 220
10
0 0 0

Circle
235 250
10
0 0 0

Circle
235 110
30
0 0 0

Circle
235 103
30
255 255 255

Circle
215 95
8
0 0 0

Circle
255 95
8
0 0 0

Triangle
235 101
235 112
265 113
255 153 0

Quadrilateral
185 68
285 50
285 68
185 50
179 36 0

Quadrilateral
205 60
265 25
265 60
205 25
179 36 0

Circle
405 60
35
255 255 0

Quadrilateral
318 198
400 140
405 142
323 200
153 102 51

Quadrilateral
147 202
229 144
235 145
153 203
153 102 51
